    3.2342     2.9336     41.715    -0.6506    0.14501    0.74544    0.64777 0
    2.1796      3.742     49.551 -0.0019052  0.0010432          1    0.86546 0
   -2.1776     -3.891     50.033  -0.041032   0.031288    0.99867    0.75691 0
   -3.4283    -2.1463     2.2891    0.40849   -0.01355    0.91266   -0.90643 0
    -1.034     1.2454     5.5788     0.4641     0.3996    0.79053   -0.24543 0
     2.024     4.0185     9.2594    0.24898  -0.073121    0.96574    0.92168 0
   0.30227     4.3284     27.408   -0.26709   -0.18978     0.9448    0.71201 0
    3.1631    -2.2806     2.2078   -0.61833  -0.060299     0.7836   -0.73565 0
    1.0006     -4.306     32.887    0.18563   -0.14025    0.97256    0.72538 0
   -3.8526    -2.0581     39.129    0.47936   0.018536    0.87742    0.86497 0
   -4.1177    -1.6703     40.195     0.2936   -0.17315    0.94012    0.77143 0
   -3.3542    -1.6253      3.048     0.6753    0.20509    0.70846      0.547 0
    -2.674    -3.4416     38.527   -0.16291  -0.094424    0.98211    0.82956 0
   -4.4008    0.90946     9.6271    0.48762    0.21135    0.84709    0.72026 0
   -3.9527     1.6153    0.88998   -0.51647   -0.17796    0.83761     0.7456 0
  -0.83381      1.278       6.01   -0.31245    0.35071    0.88282    0.22407 1
    -4.035     1.5709     14.308   -0.39186   0.013395    0.91993    0.91461 0
   -1.3065    -4.1114     18.291  -0.031059  -0.026666    0.99916    0.70357 0
    -4.164    -1.6704     2.4819    0.46423    -0.1609    0.87098     0.7905 0
    2.7416     3.3585   -0.51492    0.26264   -0.10495    0.95917    0.87935 0
    4.0476     1.7422     34.814   -0.35708   -0.17451    0.91763     0.7914 0
   -2.4875    -3.6724     19.832   0.070277   0.039873    0.99673    0.85272 0
     3.153      3.088     55.818   -0.12663   -0.10124    0.98677    0.72017 0
   -4.3116    -1.2815      12.86    -0.6342   -0.01083    0.77309    0.72637 0
    1.6221     2.8041     3.5659    0.35107   -0.12943    0.92736    0.85333 0
    2.6685    -2.8109     2.5299  -0.027506  -0.027515    0.99924   -0.61755 0
   -3.2168    -3.0778     2.6252    0.39794  -0.048917    0.91611    0.90269 0
    1.0898    -4.2243     54.441   0.060258     0.0288    0.99777     0.8926 0
  -0.88148    -4.3849     34.553    0.62441   -0.17419    0.76143    0.65464 0
    4.3475     -1.157     5.1534   -0.50715    0.21693    0.83411    0.70374 0
   -2.1764    -1.9735      4.211    0.19237    -0.1668    0.96704   -0.65074 0
     1.925     3.9334     53.155   -0.12555   0.073141    0.98939    0.83695 0
   -1.9173    -3.8815     37.557   -0.24303  -0.098123    0.96504    0.88455 0
    -3.434      2.669     1.2182    0.35619    0.14227    0.92352    0.83704 0
    4.2593    -1.2444     52.881    0.42286     0.1729    0.88955     0.7901 0
   -3.6931     2.5531     17.633    0.70123  -0.031043    0.71226    0.62661 0
   -1.9896    -3.8767     47.586    0.36583   -0.14013    0.92007    0.83914 0
   0.72729     4.2415     51.681    0.48287    0.30863     0.8195    0.55151 0
   -3.5614    0.39194     3.1458   -0.46026   -0.38666    0.79916    0.30969 0
   -3.5789     2.6152     42.089    0.27259   0.056974    0.96044    0.93696 0
    3.8287    -1.9896     45.784    -0.2084    0.10954    0.97189    0.84222 0
    4.4005    0.73052     10.724   -0.32447   -0.12537    0.93755    0.85897 0
   -3.1789     3.1279     46.558     0.2488   0.069731    0.96604    0.92576 0
    3.2803    -3.0805          0  0.0020247  0.0014051          1    0.79495 0
    4.1576      -1.45     25.556   -0.65138   -0.15786    0.74215    0.63556 0
    3.4135    -2.6638     1.2487  -0.075371   0.059892    0.99536    0.73474 0
 -0.019051     4.4596     20.098    -0.1977   -0.11063      0.974    0.82916 0
     -4.34   -0.78957     25.969    0.22721   -0.17019    0.95886    0.70982 0
  -0.17942     4.3967   -0.78982    0.03362   0.018467    0.99926    0.86384 0
    -2.673     3.0674     1.8573  0.0016377 -0.0015456          1   -0.65402 0
   -4.2405    0.97391     14.981    0.53797   -0.24438    0.80676    0.64698 0
    3.0647    -3.2849     56.257    0.57437  -0.061437    0.81629    0.78063 0
     2.918     3.3238     31.617   -0.32319   -0.23972    0.91547      0.649 0
    1.7275     3.9681     50.237    0.50493   -0.19853    0.84002    0.72855 0
  -0.59264     -4.065     1.5687   -0.26541   -0.12209    0.95637   -0.85219 0
    2.3104    -3.8173    -2.3921   -0.13342   0.055953    0.98948    0.90622 0
    4.2109    -1.4246     50.464   -0.36053    0.18791    0.91362    0.77061 0
   -3.1347    -3.2053     43.564   -0.42032   -0.11519    0.90003    0.85153 0
     1.468     4.0894     21.801   0.079972   0.048769     0.9956    0.83145 0
     3.998      1.959     10.501    0.28848   -0.21504    0.93303    0.67395 0
   -4.3056    -1.3062     53.414    0.45527    0.22537    0.86136    0.71047 0
    -2.846    -3.3387     4.1412   -0.50296  -0.088856    0.85973    0.82587 0
    1.7506     4.1305     23.765    0.29311    0.20003    0.93492    0.71398 0
   0.20398    -3.5625     3.2502    0.62015    0.29704    0.72608    0.47497 0
   -2.2335     -1.629     4.4141    0.32433   -0.25275    0.91155   -0.61822 0
    2.5204     3.7146     27.841   0.022199   0.019563    0.99956    0.69087 0
   -3.9359    -1.9132     28.152    0.66374    0.16525    0.72948    0.61082 0
    4.0528     1.5284     12.703    0.11158   -0.12686    0.98563    0.49968 0
    2.8617    -3.4161      31.62    0.64438  -0.017262    0.76451    0.71314 0
   0.60757     4.4375     18.858   -0.12351   -0.10845     0.9864    0.67342 0
   -1.1646     4.2272     12.492   -0.37921    0.15899    0.91155    0.81413 0
  -0.49125    -4.4334     17.734    0.52476   -0.17878    0.83226    0.73952 0
    2.5664     3.5571     24.335    0.75291  -0.055255     0.6558    0.51251 0
   -3.2207   -0.14435     3.5407    0.55143   -0.39195    0.73641   -0.25701 0
    1.1795     4.1108    0.86468   -0.59901    -0.1434     0.7878   -0.71026 0
   -1.6516    -4.1359     24.146   -0.31743   -0.24572    0.91589    0.62883 0
    2.7828    0.15186     4.3257     0.6836  -0.092976    0.72391     0.6341 0
    4.1328    0.96249     1.0828    -0.5481    0.28768    0.78538   -0.56642 0
    3.9429    0.58976     1.9854    0.37934    0.27826    0.88242   -0.59962 0
     4.175     1.0295     19.522    0.46838   -0.17978    0.86504    0.76776 0
   -4.3193    -1.1725     57.793    0.32638  -0.069496    0.94268    0.91664 0
   -3.7087     2.1769     18.371    0.62588   -0.18437    0.75781    0.64236 0
   -2.1422     3.8198     28.064  -0.089915  -0.081555     0.9926     0.6652 0
    1.2444    -4.2245     9.7075    0.39066   0.095258    0.91559    0.87838 0
   -2.4186    -3.6899     27.178   0.046439   0.023534    0.99864    0.88164 0
   -4.3464    -0.4157     6.8078   -0.32472   -0.13868    0.93559    0.84075 0
    0.1754    -4.4301     39.741   -0.48949    0.18857    0.85137    0.74824 0
    1.8194    -3.9616     55.077    0.53505    0.26896    0.80086    0.60893 0
   -1.2998     4.2042     31.216   -0.68092    0.11205    0.72374     0.6272 0
    1.6902     4.1601     7.6676    -0.3846   -0.20105    0.90092    0.75264 0
   -3.2768   -0.71237     3.5611   -0.59839 -0.0066179    0.80118    0.76701 0
   -3.6158    0.66645     2.8956    0.60812   -0.13784    0.78179      0.705 0
    -4.106      -1.51     56.571    0.31326   -0.25063      0.916    0.61176 0
  -0.34518     4.4147     57.357    0.13502  -0.085002    0.98719    0.81155 0
   0.32603    -4.4626     40.295    0.29996   -0.14425    0.94298      0.827 0
   -4.1111     1.5239     50.562    0.34086    0.13277    0.93069    0.84958 0
    -4.322    -1.2468     13.619   -0.28629   -0.21226    0.93434    0.67835 0
   -2.5797     3.5175     12.332    -0.1142   0.090994    0.98928    0.72518 0
   -2.5797     3.5175     12.332    -0.1142   0.090994    0.98928    0.72518 0
   -2.5797     3.5175     12.332    -0.1142   0.090994    0.98928    0.72518 0