    2.3197     3.7185          0    0.13281   -0.83722    -0.5305     469.32 1
    2.2625     -3.755          0     0.1137    -0.7878    0.60534     398.75 1
    2.4535    -3.6098          0    0.16625   -0.95649   -0.23978     1153.5 1
    4.2254    0.79762     30.846 -0.0094264   -0.99799   0.062746      735.5 0
    2.7546    -3.3096          0  -0.070826   -0.67509    0.73433     685.41 1
    3.9573     1.6821     33.958   0.044374   -0.96786    0.24754     224.17 0
    4.2966   -0.17122     32.278  -0.070178   -0.98586    0.15214     1280.2 0
    3.6403     2.2888     31.249   0.081471   -0.99308   0.084621     603.62 0
   -4.4067    0.21708          0    0.14065   -0.97215   -0.18748     1100.3 1
    4.0226    -1.6542          0  -0.064439   -0.50438   -0.86108     128.72 1
    4.1904    0.96479     22.178  0.0010338   -0.89957   -0.43678     124.06 0
   -4.1074     1.7706          0    0.13178   -0.87789   -0.46037     235.78 1
    4.0069     1.5604     33.839   0.037211   -0.96966    0.24161     116.71 0
    4.3008    -1.0513          0  -0.045116   -0.76207    0.64592     846.45 1
    3.9504    -1.6984      34.72  -0.085238   -0.96423      0.251     323.85 0
     -2.37    -3.8193          0  -0.084081   -0.67711    0.73106     459.57 1
    4.2675   -0.52772     34.403  -0.015312   -0.97105    0.23837     599.42 0
    3.9482    -2.0393          0    0.21425   -0.96472    0.15303     178.55 1
    3.7009     2.5048          0   0.052556   -0.55099    0.83286     1018.7 1
    2.2896    -3.8499          0    0.14523   -0.80867   -0.57005     648.67 1