41.9429
49.7399
50.2313
4.64756
5.80889
10.2947
27.7493
4.48115
33.1828
39.372
40.4399
4.81483
38.7727
10.6243
4.36178
6.2007
14.9488
18.7929
5.12728
4.36589
35.0918
20.322
55.9922
13.6239
4.81766
4.62844
5.1684
54.6155
34.8413
6.84083
5.13458
53.3351
37.8057
4.51663
53.0668
18.1956
47.7851
51.8599
4.76794
42.3218
45.9869
11.6147
46.7711
4.49998
25.9326
4.50634
20.5868
26.341
4.47068
4.47252
15.6
56.4361
31.9249
50.4231
4.3973
5.06279
50.6594
43.7941
22.2298
11.4058
53.6032
6.03292
24.1847
4.82668
5.20831
28.2006
28.4901
13.4212
31.9325
19.3826
13.2392
18.2864
24.7271
4.78856
4.36321
24.5533
5.14575
4.37937
4.45377
19.99
57.966
18.8676
28.4037
10.6598
27.5338
8.08765
39.9875
55.2493
31.5246
8.88568
4.89145
4.68003
56.7399
57.5277
40.5427
50.7517
14.3426
13.0807
13.0807
13.0807
